0 300 0 1 12 0 0 0 16 0 0 16 16 0 0 16 0 2 assets/tilesheet.png 8 0 0 16 0 16 16 0 16 3 1
16 300 0 1 12 0 0 0 16 0 0 16 16 0 0 16 0 2 assets/tilesheet.png 8 0 0 16 0 16 16 0 16 3 1
32 300 0 1 12 0 0 0 16 0 0 16 16 0 0 16 0 2 assets/tilesheet.png 8 0 0 16 0 16 16 0 16 3 1
48 300 0 1 12 0 0 0 16 0 0 16 16 0 0 16 0 2 assets/tilesheet.png 8 0 0 16 0 16 16 0 16 3 1
64 300 0 1 12 0 0 0 16 0 0 16 16 0 0 16 0 2 assets/tilesheet.png 8 0 0 16 0 16 16 0 16 3 1
80 300 0 1 12 0 0 0 16 0 0 16 16 0 0 16 0 2 assets/tilesheet.png 8 0 0 16 0 16 16 0 16 3 1
96 300 0 1 12 0 0 0 16 0 0 16 16 0 0 16 0 2 assets/tilesheet.png 8 0 0 16 0 16 16 0 16 3 1
112 300 0 1 12 0 0 0 16 0 0 16 16 0 0 16 0 2 assets/tilesheet.png 8 0 0 16 0 16 16 0 16 3 1
128 300 0 1 12 0 0 0 16 0 0 16 16 0 0 16 0 2 assets/tilesheet.png 8 0 0 16 0 16 16 0 16 3 1
256 300 0 1 12 0 0 0 32 0 0 32 16 0 0 16 0 2 assets/tilesheet.png 8 0 0 16 0 16 16 0 16 3 1


200 50 0 1 12 -8 -8 0 8 -8 0 8 8 0 -8 8 0 2 assets/tilesheet.png 8 0 0 16 0 16 16 0 16 3 1
